66073
66070
66066
66050
66049
66047
66006
66046
66067
66092
66079
66071
66064
66025
66021
66052
66086
66044
66045
66054
66048
66020
66097
66077
64484
66002
66016
66060
66088
64504
64440
64503
64507
64448
64439
64401
64443
64490
64474
64454
64477
64465
64444
64018
64079
64089
64492
64048
64060
64165
64166
64068
64167
64157
64087
64160
64069
64158
64156
64119
64155
64118
64154
64151
64164
64163
64153
64195
64152
64092
66043
66109
64028
64098
66027
66007
66012
66104
66112
66111
66102
66106
66113
66226
66227
66218
66220
66217
66216
66215
66219
66061
66210
66213
66062
66286
66018
66019
66030
66031
66083
66036
66053
66013
66051
66063
66221
66223
66085
66224
66209
64145
64146
64030
64147
64012
64734
64742
64078
64746
64725
64701
64080
64083
64082
64149
64134
64081
64063
64065
64139
64138
64086
64133
64136
64055
64052
64129
64132
64130
64128
64109
64110
64131
64137
64192
64114
64944
66206
66208
66207
66211
66212
66251
66214
66204
66205
66202
66279
66225
66283
66282
66285
66222
66203
66276
66250
66201
66103
64111
66160
64112
64113
64108
64194
64193
64185
64144
64190
64102
64101
64105
64171
64188
64106
64180
64170
64999
64196
64191
64199
64179
64184
64187
64198
64197
64148
64141
64183
64172
64116
64120
66115
66118
66101
66117
66110
66119
66105
64150
64168
64117
64161
64123
64124
64127
64125
64126
64053
64121
64054
64050
64051
64058
64056
64057
64015
64016
64088
64072
64077
64024
64085
64017
64066
64074
64075
64029
64014
64097
64011
64070
64064
64013
64173
64189
64142
64034
64747
64743
64061
64040
64090
64076
64019
64093
64071
64037
64067
64036
64035
64668
64637
64084
64671
64062
64073
64650
64429
64493
64739
64720
66040